rows=100000
train_rows=80000
val_rows=20000
features=89
hidden_size=32
dropout=0.0000
target_recall=0.70
min_precision=0.50
best_threshold=0.29
val_f1=0.676900
val_precision=0.653853
val_recall=0.701630
val_tp=3572 val_fp=1891 val_tn=13018 val_fn=1519

# top_threshold_candidates
t=0.34 f1=0.683096 p=0.712457 r=0.656060 tp=3340 fp=1348 tn=13561 fn=1751
t=0.33 f1=0.682937 p=0.701762 r=0.665095 tp=3386 fp=1439 tn=13470 fn=1705
t=0.35 f1=0.682856 p=0.723872 r=0.646238 tp=3290 fp=1255 tn=13654 fn=1801
t=0.32 f1=0.680800 p=0.690073 r=0.671774 tp=3420 fp=1536 tn=13373 fn=1671
t=0.31 f1=0.678596 p=0.675623 r=0.681595 tp=3470 fp=1666 tn=13243 fn=1621
t=0.36 f1=0.678500 p=0.729120 r=0.634453 tp=3230 fp=1200 tn=13709 fn=1861
t=0.30 f1=0.678087 p=0.664717 r=0.692005 tp=3523 fp=1777 tn=13132 fn=1568
t=0.29 f1=0.676900 p=0.653853 r=0.701630 tp=3572 fp=1891 tn=13018 fn=1519
